
Node A to B, IPv4, 16-byte window
--------------------------------------------------------------------------------

# 100k (Kbits/sec)
y = [0, 101.44, 1140, 101.52, 106.07, 100.04, 100.00, 100.65, 99.36, 100.58, 99.42, 100.58, 99.42, 100.58, 99.43, 100.58, 99.42, 100.58, 99.42, 100.58, 99.42]

# 1M (Mbits/sec)
y = [0, 0.99, 1.17, 0.99, 1.00, 1.00, 0.99, 1.01, 1.00, 1.00, 0.99, 1.00, 0.99, 1.00, 0.99, 1.01, 0.99, 1.00, 0.99, 0.99, 1.00]

# 10M (Mbits/sec)
y = [0, 9.75, 10.02, 9.93, 9.98, 9.99, 9.99, 10.00, 10.00, 10.00, 9.93, 10.17, 9.91, 9.93, 10.09, 9.89, 10.18, 9.88, 10.02, 9.99, 10.03]

# 100M (Mbits/sec)
y = [0, 84.89, 113.07, 103.79, 99.90, 100.03, 100.06, 99.97, 99.84, 100.32, 99.94, 99.21, 100.98, 99.87, 100.00, 99.93, 100.09, 99.84, 99.95, 100.10, 100.07]

# 1G (Mbits/sec)
y = [0, 108.15, 107.52, 104.26, 97.66, 98.94, 44.77, 43.65, 44.53, 43.60, 43.55, 53.32, 43.56, 43.13, 43.61, 45.30, 45.32, 48.72, 44.01, 44.22, 45.09]

Node A to B, IPv4, 64-byte window
--------------------------------------------------------------------------------

# 100k (Kbits/sec)
y = [0, 102.22, 2860, 102.57, 125.48, 100.82, 100.48, 99.67, 100.23, 99.13, 100.72, 100.15, 99.13, 100.64, 100.15, 99.21, 100.72, 100.16, 99.13, 100.64, 100.15]

# 1M (Mbits/sec)
y = [0, 1.00, 1.38, 1.00, 1.00, 1.00, 0.99, 1.00, 0.99, 1.00, 0.99, 1.00, 0.99, 1.00, 0.99, 1.00, 0.99, 1.00, 0.99, 1.00, 0.99]

# 10M (Mbits/sec)
y = [0, 9.82, 10.01, 10.01, 9.93, 10.17, 9.93, 10.00, 10.00, 9.99, 9.93, 10.16, 9.94, 10.01, 10.00, 10.00, 9.92, 10.10, 9.93, 10.01, 10.00]

# 100M (Mbits/sec)
y = [0, 85.44, 98.53, 96.46, 106.94, 103.50, 100.17, 104.44, 101.27, 101.05, 100.88, 101.34, 100.30, 100.00, 100.01, 99.53, 100.89, 99.84, 99.95, 100.03, 99.31]

# 1G (Mbits/sec)
y = [0, 302.49, 280.32, 195.35, 164.77, 189.07, 182.65, 168.13, 215.85, 157.52, 159.42, 155.32, 148.99, 146.23, 122.24, 113.66, 151.01, 146.93, 88.74, 83.43, 101.07]

Node A to B, IPv4, 512-byte window
--------------------------------------------------------------------------------

# 100k (Kbits/sec)
y = [0, 109.80, 41970, 159.81, 1021, 106.17, 140.80, 103.33, 100.65, 101.93, 96.68, 104.50, 98.32, 98.53, 100.17, 101.70, 101.56, 99.86, 98.35, 98.46, 100.07]

# 1M (Mbits/sec)
y = [0, 1.01, 6.98, 1.01, 1.02, 1.00, 1.00, 1.00, 0.99, 0.99, 0.99, 0.99, 1.00, 1.00, 1.00, 0.99, 1.00, 0.99, 1.00, 0.99, 0.99]

# 10M (Mbits/sec)
y = [0, 9.98, 10.88, 10.00, 10.00, 10.00, 10.00, 10.01, 10.00, 10.00, 10.00, 10.00, 10.00, 10.00, 10.00, 10.00, 10.00, 10.00, 9.98, 10.01, 9.96]

# 100M (Mbits/sec)
y = [0,  96.44, 99.47, 100.01, 99.62, 99.74, 99.48, 100.25, 100.10, 101.15, 100.13, 100.08, 99.27, 101.38, 99.11, 100.87, 99.55, 100.09, 99.54, 99.27, 99.97]

# 1G (Mbits/sec)
y = [0, 884.66, 861.11, 866.82, 867.29, 880.40, 872.47, 861.09, 861.00, 867.39, 866.12, 875.33, 872.24, 866.44, 868.07, 871.75, 869.36, 859.64, 865.77, 867.76, 862.97]

Node A to B, IPv4, 1024-byte window
--------------------------------------------------------------------------------

# 100k (Kbits/sec)
y = [0, 118.46, 119010, 161.57, 5920, 113.65, 475.78, 113.54, 130.53, 100.91, 98.85, 97.94, 98.95, 101.00, 102.16, 101.22, 99.13, 97.91, 98.64, 100.68, 102.15]

# 1M (Mbits/sec)
y = [0, 1.02, 19.75, 1.02, 1.15, 1.01, 0.99, 0.99, 1.00, 1.00, 1.00, 0.99, 0.99, 0.99, 1.00, 1.00, 1.00, 0.99, 0.99, 0.99, 1.00]

# 10M (Mbits/sec)
y = [0, 10.00, 12.73, 10.01, 10.00, 10.00, 10.00, 10.00, 10.00, 10.00, 10.00, 10.00, 10.00, 10.00, 10.00, 10.00, 10.00, 10.00, 10.00, 10.00, 10.00]

# 100M (Mbits/sec)
y = [0,  97.88, 99.95, 99.90, 99.97, 100.01, 99.97, 100.03, 100.02, 99.62, 101.12, 99.44, 99.94, 99.96, 99.98, 100.00, 99.99, 100.01, 99.97, 100.02, 99.95]

# 1G (Mbits/sec)
y = [0, 937.22, 997.78, 996.85, 999.02, 998.29, 998.18, 996.12, 985.03, 997.59, 992.40, 995.05, 995.13, 992.91, 990.43, 987.19, 989.92, 985.68, 989.00, 994.47, 981.13]

Node A to B, IPv6, 16-byte window
--------------------------------------------------------------------------------

# 100k (Kbits/sec)
y = [0, 101.94, 1280, 101.28, 109.12, 100.17, 100.08, 99.91, 99.47, 100.00, 100.73, 99.28, 99.99, 100.53, 99.48, 100.00, 100.50, 99.54, 99.97, 100.53, 99.48]

# 1M (Mbits/sec)
y = [0, 1.00, 1.17, 1.00, 0.99, 0.99, 1.02, 0.99, 0.99, 1.00, 0.99, 1.00, 0.99, 1.00, 0.99, 1.00, 0.99, 0.99, 1.00, 0.99, 1.00]

# 10M (Mbits/sec)
y = [0, 9.79, 10.06, 9.96, 9.98, 9.98, 9.98, 9.99, 10.01, 10.00, 10.00, 10.00, 10.00, 9.96, 10.12, 9.94, 10.02, 9.98, 9.99, 9.99, 10.01]

# 100M (Mbits/sec)
y = [0, 94.97, 102.82, 99.89, 100.03, 99.30, 99.96, 100.27, 99.76, 100.15, 99.97, 99.58, 110.17, 113.06, 101.76, 98.11, 100.03, 101.28, 101.18, 99.83, 99.64]

# 1G (Mbits/sec)
y = [0, 148.18, 118.57, 119.19, 118.97, 118.69, 118.33, 131.48, 133.95, 133.67, 135.04, 135.41, 136.27, 134.97, 135.00, 134.45, 133.98, 135.40, 124.79, 116.64, 118.73]

Node A to B, IPv6, 64-byte window
--------------------------------------------------------------------------------

# 100k (Kbits/sec)
y = [0, 102.76, 2390, 102.74, 126.57, 99.64, 99.61, 100.00, 100.46, 100.41, 99.95, 99.20, 101.15, 98.87, 100.80, 99.20, 100.80, 99.21, 100.80, 99.21, 100.81]

# 1M (Mbits/sec)
y = [0, 1.00, 1.34, 1.00, 1.00, 1.00, 1.00, 0.99, 0.99, 1.00, 1.00, 1.00, 0.99, 0.99, 1.00, 1.00, 1.00, 0.99, 1.00, 0.99, 0.99]

# 10M (Mbits/sec)
y = [0, 9.85, 10.05, 10.01, 10.00, 10.00, 9.95, 10.13, 9.89, 10.04, 10.04, 9.98, 9.98, 10.00, 10.00, 9.99, 9.95, 10.02, 9.89, 10.08, 10.09]

# 100M (Mbits/sec)
y = [0, 88.51, 108.15, 100.66, 99.35, 100.88, 99.45, 101.89, 100.17, 100.70, 100.74, 99.85, 100.66, 99.40, 100.27, 99.82, 100.25, 99.38, 100.66, 100.13, 98.98]

# 1G (Mbits/sec)
y = [0, 174.19, 171.30, 171.55, 171.22, 173.34, 172.99, 174.64, 173.58, 171.32, 174.28, 174.34, 172.29, 174.42, 173.91, 172.84, 174.11, 175.77, 175.02, 174.63, 197.83]

Node A to B, IPv6, 512-byte window
--------------------------------------------------------------------------------

# 100k (Kbits/sec)
y = [0, 110.07, 25700, 120.53, 1030, 107.02, 137.64, 102.57, 99.95, 102.15, 97.55, 100.19, 102.55, 97.72, 99.97, 102.15, 97.53, 100.17, 102.56, 97.74, 100.00]

# 1M (Mbits/sec)
y = [0, 1.01, 5.48, 1.01, 1.02, 1.00, 1.00, 1.00, 0.99, 1.00, 1.00, 1.00, 0.99, 1.00, 1.00, 0.99, 0.99, 1.01, 0.99, 1.00, 0.99]

# 10M (Mbits/sec)
y = [0, 9.98, 10.60, 9.99, 10.00, 10.00, 10.00, 10.00, 10.00, 10.00, 9.96, 10.09, 9.96, 10.01, 10.00, 10.00, 9.99, 10.00, 10.00, 10.01, 9.99]

# 100M (Mbits/sec)
y = [0, 96.85, 99.58, 99.37, 99.53, 100.52, 99.57, 100.81, 98.84, 100.38, 100.35, 100.30, 99.21, 100.40, 100.36, 99.05, 100.64, 100.32, 99.13, 100.35, 100.16]

# 1G (Mbits/sec)
y = [0, 821.25, 676.61, 674.61, 657.44, 657.95, 689.49, 822.22, 761.67, 659.02, 662.76, 693.81, 658.91, 663.53, 706.56, 754.65, 760.55, 758.48, 757.42, 758.96, 757.98]

Node A to B, IPv6, 1024-byte window
--------------------------------------------------------------------------------

# 100k (Kbits/sec)
y = [0, 118.87, 71030, 144.66, 3940, 115.52, 393.77, 104.43, 123.71, 102.24, 98.05, 95.53, 107.06, 94.19, 105.01, 101.58, 97.27, 104.65, 98.00, 93.52, 105.15]

# 1M (Mbits/sec)
y = [0, 1.02, 14.58, 1.01, 1.11, 1.00, 1.00, 1.00, 0.99, 0.99, 0.99, 1.00, 0.99, 0.99, 1.01, 0.99, 0.99, 1.01, 0.99, 0.99, 0.99]

# 10M (Mbits/sec)
y = [0, 10.01, 11.86, 10.00, 10.01, 10.00, 10.00, 10.00, 10.00, 10.00, 10.00, 10.00, 10.00, 10.00, 10.00, 10.00, 10.00, 10.00, 10.00, 10.00, 10.00]

# 100M (Mbits/sec)
y = [0, 98.09, 100.37, 99.88, 99.91, 100.08, 99.71, 99.57, 100.22, 100.16, 99.67, 100.27, 99.87, 100.15, 99.96, 99.87, 100.24, 99.96, 100.14, 99.73, 100.22]

# 1G (Mbits/sec)
y = [0, 877.08, 999.71, 999.53, 998.17, 999.26, 989.30, 998.69, 991.25, 995.63, 999.27, 981.89, 990.12, 996.26, 995.03, 997.93, 993.83, 985.41, 998.64, 997.15, 997.16]

Node A & C to B, 16-byte window
--------------------------------------------------------------------------------

# [A] 100k (Kbits/sec)
y = [0, 101.43, 1240, 105.33, 103.03, 99.79, 100.00, 100.61, 99.40, 100.58, 99.42, 100.58, 99.43, 100.18, 99.82, 100.00, 100.61, 99.40, 100.58, 99.42, 100.58]

# [A] 1M (Mbits/sec)
y = [0, 0.99, 1.19, 0.99, 0.99, 1.00, 0.99, 1.00, 0.99, 0.99, 1.01, 0.99, 1.00, 0.99, 1.00, 0.99, 1.00, 0.99, 1.00, 0.99, 1.00]

# [A] 10M (Mbits/sec)
y = [0, 9.74, 10.05, 9.94, 10.05, 9.89, 10.00, 10.00, 10.01, 10.00, 9.99, 9.96, 10.00, 10.12, 9.92, 9.99, 10.01, 10.01, 9.99, 10.00, 10.01]

# [A] 100M (Mbits/sec)
y = [0, 89.39, 101.16, 99.73, 101.64, 101.79, 100.74, 108.26, 106.05, 100.08, 99.27, 65.23, 136.31, 113.19, 100.05, 100.09, 100.00, 100.01, 100.01, 100.02, 100.80]

# [A] 1G (Mbits/sec)
y = [0, 101.68, 165.59, 8.66, 8.86, 8.58, 8.62, 129.51, 206.65, 208.52, 203.64, 202.95, 207.21, 204.96, 10.15, 9.65, 10.20, 9.85, 8.36, 8.13, 50.06]

# [C] 100k (Kbits/sec)
y = [0, 101.42, 1270, 112.22, 97.51, 100.62, 99.37, 100.56, 99.44, 100.58, 99.42, 100.19, 99.81, 100.00, 100.60, 99.41, 100.58, 99.42, 100.58, 99.89, 100.11]

# [C] 1M (Mbits/sec)
y = [0, 0.99, 1.18, 0.99, 1.01, 0.99, 0.99, 1.01, 0.99, 0.99, 0.99, 1.01, 0.98, 1.01, 0.99, 1.00, 1.00, 1.00, 1.00, 1.00, 0.99]

# [C] 10M (Mbits/sec)
y = [0, 9.69, 10.07, 9.89, 10.15, 9.89, 9.94, 10.11, 9.91, 10.05, 9.97, 10.03, 10.06, 9.92, 10.02, 9.97, 10.00, 10.02, 9.98, 10.04, 10.01]

# [C] 100M (Mbits/sec)
y = [0, 74.15, 66.79, 21.63, 45.71, 47.37, 45.63, 47.99, 41.69, 61.31, 59.95, 58.20, 114.94, 29.67, 40.01, 40.75, 40.25, 40.94, 39.38, 39.17, 40.00]

# [C] 1G (Mbits/sec)
y = [0, 46.95, 7.03, 148.86, 161.77, 162.41, 162.54, 115.28, 6.82, 7.54, 7.91, 7.67, 7.82, 7.30, 116.11, 162.58, 166.30, 163.55, 164.13, 164.20, 164.01]

Node A & C to B, 64-byte window
--------------------------------------------------------------------------------

# [A] 100k (Kbits/sec)
y = [0, 102.23, 2680, 101.58, 124.82, 100.25, 100.52, 100.22, 99.33, 100.90, 99.11, 99.99, 100.49, 100.16, 99.36, 100.88, 99.13, 99.99, 100.49, 100.16, 99.36]

# [A] 1M (Mbits/sec)
y = [0, 1.00, 1.42, 1.00, 1.00, 0.99, 0.99, 0.99, 0.99, 0.99, 1.00, 0.99, 0.99, 1.00, 0.99, 1.00, 1.00, 1.00, 0.99, 1.00, 1.00]

# [A] 10M (Mbits/sec)
y = [0, 9.85, 10.01, 9.98, 9.92, 10.15, 9.93, 9.99, 10.00, 10.00, 10.03, 9.99, 9.99, 10.00, 10.00, 10.00, 10.00, 10.00, 9.99, 10.00, 9.99]

# [A] 100M (Mbits/sec)
y = [0, 91.20, 104.58, 100.37, 100.60, 98.72, 98.95, 100.00, 100.54, 99.87, 99.56, 100.60, 99.95, 99.52, 100.68, 99.73, 100.13, 100.01, 100.10, 99.93, 100.85]

# [A] 1G (Mbits/sec)
y = [0, 316.05, 260.79, 265.83, 71.31, 259.21, 250.65, 231.54, 17.11, 229.69, 257.87, 234.08, 316.36, 240.54, 233.47, 41.26, 191.48, 19.80, 19.81, 46.78, 75.21]

# [C] 100k (Kbits/sec)
y = [0, 101.85, 2860, 102.27, 127.42, 99.96, 99.64, 100.95, 99.06, 99.99, 100.49, 100.16, 99.36, 100.89, 100.16, 98.96, 100.48, 100.15, 99.37, 100.88, 100.16]

# [C] 1M (Mbits/sec)
y = [0, 1.00, 1.42, 1.00, 1.00, 1.00, 1.00, 0.99, 0.99, 1.00, 0.99, 1.00, 1.00, 0.99, 1.00, 1.00, 1.00, 0.99, 0.99, 1.00, 0.99]

# [C] 10M (Mbits/sec)
y = [0, 9.78, 10.17, 9.92, 10.00, 9.92, 10.15, 9.92, 10.00, 9.99, 10.03, 9.96, 10.03, 9.99, 10.00, 10.00, 10.00, 10.00, 10.03, 9.99, 9.99]

# [C] 100M (Mbits/sec)
y = [0, 84.40, 94.38, 93.25, 99.04, 98.17, 114.14, 107.58, 100.16, 99.85, 103.58, 99.87, 99.98, 100.04, 99.99, 100.08, 100.60, 98.27, 101.77, 101.89, 102.11]

# [C] 1G (Mbits/sec)
y = [0, 110.95, 17.68, 13.72, 254.54, 36.38, 84.40, 132.21, 230.70, 124.15, 16.94, 33.24, 48.34, 106.82, 67.84, 254.76, 210.95, 209.39, 257.47, 259.80, 259.27]

Node A & C to B, 512-byte window
--------------------------------------------------------------------------------

# [A] 100k (Kbits/sec)
y = [0, 110.26, 41530, 290.07, 654.94, 106.53, 118.39, 103.41, 99.37, 100.65, 101.31, 100.67, 99.37, 98.71, 99.30, 100.58, 101.32, 100.74, 99.44, 98.71, 99.23]

# [A] 1M (Mbits/sec)
y = [0, 1.01, 6.80, 1.01, 1.02, 0.99, 1.00, 1.00, 1.00, 1.00, 1.00, 0.99, 0.99, 1.00, 0.99, 0.99, 0.99, 1.00, 0.99, 1.00, 1.00]

# [A] 10M (Mbits/sec)
y = [0, 9.90, 11.02, 9.93, 9.99, 10.01, 10.00, 10.00, 9.92, 10.16, 9.92, 10.00, 9.97, 10.10, 9.85, 10.16, 9.85, 10.08, 10.08, 9.85, 10.15]

# [A] 100M (Mbits/sec)
y = [0, 95.90, 100.62, 100.79, 99.24, 100.04, 100.31, 99.28, 100.96, 99.64, 98.99, 101.48, 97.95, 100.62, 99.90, 100.05, 100.04, 99.84, 99.72, 100.30, 99.74]

# [A] 1G (Mbits/sec)
y = [0, 491.92, 497.13, 498.15, 494.68, 491.24, 494.97, 496.87, 493.74, 496.49, 493.51, 491.96, 500.87, 497.34, 489.83, 500.70, 491.94, 494.26, 495.28, 497.95, 577.79]

# [C] 100k (Kbits/sec)
y = [0, 109.72, 41100, 122.27, 1570, 106.31, 154.92, 104.07, 101.52, 102.03, 95.91, 103.75, 98.28, 99.18, 100.91, 101.79, 100.88, 98.73, 98.64, 99.47, 100.84]

# [C] 1M (Mbits/sec)
y = [0, 1.01, 7.18, 1.01, 1.02, 1.00, 0.99, 1.00, 0.99, 1.00, 1.00, 0.99, 0.99, 1.00, 1.00, 0.99, 0.99, 1.00, 0.99, 1.00, 0.99]

# [C] 10M (Mbits/sec)
y = [0, 9.90, 11.02, 9.94, 10.00, 10.00, 10.00, 9.92, 10.08, 10.00, 10.00, 10.00, 10.07, 9.92, 10.00, 10.05, 9.96, 10.00, 9.92, 10.15, 9.92]

# [C] 100M (Mbits/sec)
y = [0, 95.68, 101.23, 98.65, 99.05, 101.28, 98.73, 101.27, 99.78, 98.92, 101.44, 99.63, 99.83, 100.10, 99.86, 100.20, 99.94, 99.93, 100.06, 99.89, 100.15]

# [C] 1G (Mbits/sec)
y = [0, 575.86, 499.83, 500.55, 497.58, 504.55, 503.03, 498.15, 505.34, 495.74, 504.04, 502.05, 499.32, 500.57, 504.26, 498.51, 500.18, 502.25, 501.72, 498.76, 499.33]

Node A & C to B, 1024-byte window
--------------------------------------------------------------------------------

# [A] 100k (Kbits/sec)
y = [0, 118.43, 111970, 161.26, 5600, 113.84, 455.90, 112.54, 128.54, 100.24, 99.60, 99.37, 99.73, 100.36, 100.65, 100.32, 99.68, 99.35, 99.63, 100.27, 100.66]

# [A] 1M (Mbits/sec)
y = [0, 1.02, 18.86, 1.07, 1.10, 0.99, 1.00, 0.99, 0.99, 1.00, 1.01, 0.99, 0.99, 1.00, 1.01, 0.99, 0.99, 0.99, 1.01, 0.99, 0.99]

# [A] 10M (Mbits/sec)
y = [0, 10.00, 12.67, 10.00, 10.00, 10.00, 10.00, 10.00, 10.00, 10.01, 9.99, 10.00, 10.00, 10.00, 10.00, 10.00, 9.99, 10.01, 10.01, 9.98, 10.01]

# [A] 100M (Mbits/sec)
y = [0, 98.26, 98.99, 100.85, 100.67, 98.69, 99.99, 101.51, 98.20, 100.78, 100.73, 99.25, 99.85, 100.02, 99.99, 99.92, 100.64, 99.84, 99.08, 100.75, 99.93]

# [A] 1G (Mbits/sec)
y = [0, 506.01, 498.45, 501.14, 497.02, 496.45, 499.58, 497.15, 499.10, 493.41, 498.12, 496.18, 502.20, 491.52, 500.70, 503.11, 500.00, 499.15, 501.63, 502.94, 575.49]

# [C] 100k (Kbits/sec)
y = [0, 118.48, 117720, 151.40, 6170, 114.69, 497.93, 111.24, 131.12, 103.36, 100.82, 97.64, 96.76, 98.86, 102.18, 103.55, 101.41, 98.01, 96.61, 98.32, 101.72]

# [C] 1M (Mbits/sec)
y = [0, 1.02, 13.80, 1.14, 0.99, 0.99, 0.99, 1.01, 0.99, 0.99, 0.99, 1.00, 1.01, 1.00, 0.99, 0.99, 1.01, 0.99, 0.99, 1.00, 1.01]

# [C] 10M (Mbits/sec)
y = [0, 10.00, 12.85, 10.02, 9.99, 10.00, 10.00, 10.00, 10.00, 10.00, 9.98, 10.03, 9.98, 10.00, 10.00, 10.00, 10.00, 10.00, 10.00, 10.00, 10.00]

# [C] 100M (Mbits/sec)
y = [0, 98.24, 100.33, 99.41, 99.26, 101.64, 99.98, 99.96, 99.19, 100.44, 99.31, 100.18, 100.07, 100.03, 100.09, 99.32, 101.04, 99.90, 100.21, 99.11, 100.37]

# [C] 1G (Mbits/sec)
y = [0, 568.51, 504.51, 496.87, 500.83, 498.17, 501.34, 502.86, 497.83, 500.01, 498.04, 505.25, 500.27, 499.46, 495.45, 496.54, 493.92, 501.51, 495.02, 496.42, 497.81]
